июнь, 2022
12.06.2022 08:20
354
34  4  13  7  21  16 
⚲
6 786 925
05.06.2022 08:20
353
1  20  8  30  9  11 
⚲
5 816 775
май, 2022
29.05.2022 08:20
352
17  19  36  5  2  31 
⚲
4 959 050
22.05.2022 08:20
351
11  2  4  32  15  20 
⚲
3 991 975
15.05.2022 08:20
350
27  9  26  11  15  18 
⚲
3 211 500
08.05.2022 08:20
349
15  3  14  19  33  26 
⚲
3 000 000
01.05.2022 08:20
348
31  29  3  35  16  11 
⚲
3 000 000
апрель, 2022
24.04.2022 08:20
347
19  28  26  15  20  1 
⚲
3 000 000
17.04.2022 08:20
346
2  34  8  11  36  25 
⚲
Суперприз
разыгран 3 000 000
10.04.2022 08:20
345
11  30  17  23  19  3 
⚲
Суперприз
разыгран 3 000 000
03.04.2022 08:20344
33  1  15  11  31  16 
⚲
3 000 000
март, 2022
27.03.2022 08:20
343
17  14  9  32  4  20 
⚲
3 000 000
20.03.2022 08:20
342
8  31  5  27  9  17 
⚲
Суперприз
разыгран 17 121 114
13.03.2022 08:20
341
1  25  7  3  32  15 
⚲
13 538 489
06.03.2022 08:20
340
13  35  24  23  1  25 
⚲
12 519 239
февраль, 2022
27.02.2022 08:20
339
17  9  18  26  34  15 
⚲
11 218 214
20.02.2022 08:20
338
25  36  31  24  35  12 
⚲
10 079 414
13.02.2022 08:20
337
12  20  23  8  30  17 
⚲
8 981 664
06.02.2022 08:20
336
10  11  25  28  8  24 
⚲
7 996 789
январь, 2022
30.01.2022 08:20
335
23  29  2  4  3  1 
⚲
6 929 139
23.01.2022 08:20
334
21  5  15  14  28  34 
⚲
5 722 114
16.01.2022 08:20
333
12  21  6  33  16  36 
⚲
4 503 489
09.01.2022 08:20
332
3  4  24  8  10  26 
⚲
3 321 614
01.01.2022 08:20
331
27  17  22  18  12  6 
⚲
3 000 000
декабрь, 2021
26.12.2021 08:20
330
21  17  26  25  28  35 
⚲
3 000 000
19.12.2021 08:20
329
22  25  6  31  21  7 
⚲
Суперприз
разыгран 16 806 025
12.12.2021 08:20
328
29  30  13  33  28  34 
⚲
14 788 000
05.12.2021 08:20
327
21  28  12  33  20  15 
⚲
13 862 525
ноябрь, 2021
28.11.2021 08:20
326
16  11  2  27  29  17 
⚲
12 951 475
21.11.2021 08:20
325
36  23  20  6  10  14 
⚲
11 980 925
14.11.2021 08:20
324
17  16  28  6  9  15 
⚲
10 980 400
07.11.2021 08:20
323
6  35  9  21  19  29 
⚲
10 140 225
октябрь, 2021
31.10.2021 08:20
322
22  15  36  26  35  31 
⚲
9 141 125
24.10.2021 08:20
321
27  10  11  7  35  16 
⚲
8 114 600
17.10.2021 08:20
320
20  21  25  1  22  10 
⚲
7 175 625
10.10.2021 08:20
319
13  11  8  10  24  34 
⚲
6 208 350
03.10.2021 08:20
318
33  08  07  11  25  02 
⚲
5 182 825
сентябрь, 2021
26.09.2021 08:20
317
34  23  32  14  17  21 
⚲
4 165 325
19.09.2021 08:20
316
10  23  32  03  34  07 
⚲
3 185 550
12.09.2021 08:20
315
25  21  05  09  14  30 
⚲
3 000 000
05.09.2021 08:20
314
23  06  33  34  18  05 
⚲
3 000 000
август, 2021
29.08.2021 08:20
313
28  01  03  34  14  08 
⚲
3 000 000
22.08.2021 08:20
312
13  26  25  08  06  03 
⚲
Суперприз
разыгран	3 000 000
15.08.2021 08:20
311
27  33  12  20  34  23 
⚲
3 000 000
08.08.2021 08:20
310
19  10  23  22  31  25 
⚲
Суперприз
разыгран	3 923 075
01.08.2021 08:20
309
01  23  18  22  21  28 
⚲
3 159 925
июль, 2021
25.07.2021 08:20
308
34  22  14  02  23  16 
⚲
3 000 000
18.07.2021 08:20
307
30  34  31  11  36  28 
⚲
3 000 000
11.07.2021 08:20
306
32  28  31  36  13  20 
⚲
3 000 000
04.07.2021 08:20
305
28  20  19  35  09  29 
⚲
3 000 000
июнь, 2021
27.06.2021 08:20
304
25  29  30  12  09  32 
⚲
Суперприз
разыгран	5 334 477
20.06.2021 08:20
303
14  13  30  06  19  29 
⚲
4 524 127
13.06.2021 08:20
302
23  06  11  35  08  02 
⚲
3 729 402
06.06.2021 08:20
301
11  20  32  24  13  19 
⚲
3 000 000
май, 2021
30.05.2021 08:20
300
06  08  25  14  10  20 
⚲
3 000 000
23.05.2021 08:20
299
10  23  36  19  14  24 
⚲
11 299 275
16.05.2021 08:20
298
36  14  09  32  18  31 
⚲
10 340 500
10.05.2021 08:20
297
09  04  23  30  03  07 
⚲
8 967 775
02.05.2021 08:20
296
25  28  26  16  34  17 
⚲
7 928 050
апрель, 2021
25.04.2021 08:20
295
11  30  04  02  28  01 
⚲
6 858 500
18.04.2021 08:20
294
03  07  17  18  04  22 
⚲
5 924 450
11.04.2021 08:20
293
04  11  15  23  16  25 
⚲
4 946 450
04.04.2021 08:20
292
35  18  11  24  22  29 
⚲
4 028 225
март, 2021
28.03.2021 08:20
291
11  12  34  16  18  24 
⚲
3 000 000
21.03.2021 08:20
290
11  08  27  17  01  20 
⚲
3 000 000
14.03.2021 10:20
289
35  36  31  26  30  23 
⚲
3 000 000
07.03.2021 08:20
288
06  36  08  07  05  21 
⚲
Суперприз
разыгран	3 000 000
февраль, 2021
28.02.2021 08:20
287
19  24  32  33  01  31 
⚲
3 000 000
21.02.2021 08:20
286
35  02  31  18  16  10 
⚲
Суперприз
разыгран	3 000 000
14.02.2021 08:20
285
20  32  21  25  34  31 
⚲
Суперприз
разыгран	4 491 826
07.02.2021 08:20
284
08  19  26  31  20  04 
⚲
3 000 000
январь, 2021
31.01.2021 08:20
283
33  30  36  16  18  28 
⚲
3 000 000
24.01.2021 08:20
282
01  20  29  11  26  21 
⚲
3 000 000
17.01.2021 08:20
281
25  01  07  33  24  02 
⚲
3 000 000
10.01.2021 08:20
280
22  06  23  36  32  33 
⚲
Суперприз
разыгран	3 000 000
01.01.2021 08:20
279
07  14  05  33  18  12 
⚲
Суперприз
разыгран	10 575 725
декабрь, 2020
25.12.2020 23:30
278
03  21  13  16  09  27 
⚲
7 059 450
20.12.2020 08:20
277
24  04  18  13  30  22 
⚲
6 258 250
13.12.2020 08:20
276
30  25  16  08  29  32 
⚲
5 464 925
06.12.2020 08:20
275
35  28  19  08  20  17 
⚲
4 830 325
ноябрь, 2020
29.11.2020 08:20
274
14  26  23  24  21  03 
⚲
4 065 300
22.11.2020 08:20
273
13  01  07  09  14  16 
⚲
3 220 150
15.11.2020 08:20
272
20  21  04  09  02  27 
⚲
3 000 000
08.11.2020 08:20
271
28  05  21  35  09  07 
⚲
3 000 000
01.11.2020 08:20
270
11  28  30  27  17  15 
⚲
3 000 000
октябрь, 2020
25.10.2020 08:20
269
23  34  06  28  02  33 
⚲
3 000 000
октябрь, 2020
18.10.2020 08:20
268
18  08  24  31  22  21 
⚲
Суперприз
разыгран	8 547 462
11.10.2020 08:20
267
32  13  14  10  23  03 
⚲
6 835 136
04.10.2020 08:20
266
04  35  19  25  28  18 
⚲
6 125 711
сентябрь, 2020
27.09.2020 08:20
265
21  29  31  25  08  34 
⚲
5 230 711
20.09.2020 08:20
264
27  18  10  19  14  05 
⚲
4 280 061
13.09.2020 08:20
263
03  07  12  04  08  13 
⚲
3 456 511
06.09.2020 08:20
262
11  35  04  13  14  26 
⚲
3 000 000
август, 2020
30.08.2020 08:20
261
03  04  05  09  25  17 
⚲
9 500 924
23.08.2020 08:20
260
14  02  25  32  01  03 
⚲
8 528 899
16.08.2020 08:20
259
19  11  17  21  08  23 
⚲
7 682 674
09.08.2020 08:20
258
19  02  16  14  30  34 
⚲
6 893 674
02.08.2020 08:20
257
24  15  20  09  22  34 
⚲
6 050 474
июль, 2020
26.07.2020 08:20
256
13  10  19  23  27  14 
⚲
5 220 349
19.07.2020 08:20
255
30  32  02  19  12  34 
⚲
4 374 849
12.07.2020 08:20
254
31  30  08  16  12  22 
⚲
3 589 199
05.07.2020 08:20
253
35  15  22  03  25  20 
⚲
3 000 000
июнь, 2020
28.06.2020 08:20
252
26  13  23  32  18  31 
⚲
3 000 000
21.06.2020 08:20
251
11  36  01  32  12  09 
⚲
3 000 000
14.06.2020 08:20
250
09  02  05  31  10  30 
⚲
7 157 100
07.06.2020 08:20
249
18  28  35  13  01  12 
⚲
6 474 050
май, 2020
31.05.2020 08:20
248
21  30  25  08  10  15 
⚲
5 769 075
24.05.2020 08:20
247
19  08  12  24  03  07 
⚲
5 105 700
17.05.2020 08:20
246
30  09  12  14  35  07 
⚲
4 498 725
10.05.2020 08:20
245
04  03  27  34  36  09 
⚲
3 619 825
03.05.2020 08:20
244
04  18  25  30  27  28 
⚲
3 163 375
апрель, 2020
26.04.2020 08:20
243
23  05  10  14  15  19 
⚲
3 000 000
19.04.2020 08:20
242
17  26  31  25  13  10 
⚲
3 000 000
12.04.2020 08:20
241
06  19  11  27  15  34 
⚲
3 000 000
05.04.2020 08:20
240
13  16  12  03  20  11 
⚲
3 000 000
март, 2020
29.03.2020 08:20
239
24  09  08  15  18  27 
⚲
3 000 000
22.03.2020 08:20
238
21  20  17  11  05  25 
⚲
Суперприз
разыгран	3 260 571
15.03.2020 08:20
237
14  21  10  27  07  09 
⚲
8 514 480
08.03.2020 08:20
236
25  06  27  21  33  23 
⚲
6 762 430
01.03.2020 08:20
235
12  29  36  08  01  33 
⚲
8 884 175
февраль, 2020
23.02.2020 08:20
234
06  25  30  07  33  09 
⚲
7 317 750
16.02.2020 08:20
233
01  04  10  34  35  16 
⚲
6 012 975
09.02.2020 08:20
232
01  20  18  25  24  29 
⚲
4 669 100
02.02.2020 08:20
231
19  22  21  12  07  29 
⚲
3 252 625
январь, 2020
26.01.2020 08:20
230
34  13  17  35  09  36 
⚲
3 000 000
19.01.2020 08:20
229
09  32  06  03  20  19 
⚲
3 000 000
12.01.2020 08:20
228
11  09  04  12  05  36 
⚲
Суперприз
разыгран	7 602 248
05.01.2020 08:20
227
23  06  22  12  24  34 
⚲
4 299 248
01.01.2020 08:20
226
24  07  10  17  27  21 
⚲
3 000 000
декабрь, 2019
22.12.2019 08:20
225
34  04  19  17  10  33 
⚲
3 000 000
15.12.2019 08:20
224
28  20  35  07  19  03 
⚲
Суперприз
разыгран	3 000 000
08.12.2019 08:20
223
15  03  32  36  04  27 
⚲
3 000 000
01.12.2019 08:20
222
27  07  22  09  34  04 
⚲
Суперприз
разыгран	3 743 650
ноябрь, 2019
24.11.2019 08:20
221
02  03  29  22  04  09 
⚲
3 000 000
17.11.2019 08:20
220
05  25  24  17  13  28 
⚲
3 000 000
10.11.2019 08:20
219
31  25  09  06  21  26 
⚲
3 000 000
ноябрь, 2019
03.11.2019 08:20
218
22  33  21  17  08  15 
⚲
3 000 000
октябрь, 2019
27.10.2019 08:20
217
23  26  16  03  32  30 
⚲
Суперприз
разыгран	10 095 435
20.10.2019 14:00
216
08  32  01  15  34  33 
⚲
7 450 035
13.10.2019 08:20
215
09  13  23  20  07  28 
⚲
6 714 485
06.10.2019 08:20
214
14  15  19  25  21  32 
⚲
5 895 635
сентябрь, 2019
29.09.2019 08:20
213
15  22  20  10  25  14 
⚲
5 098 835
22.09.2019 08:20
212
01  24  13  18  34  30 
⚲
4 185 835
15.09.2019 08:20
211
33  15  17  02  11  35 
⚲
3 125 635
08.09.2019 08:20
210
25  05  06  12  28  10 
⚲
3 000 000
01.09.2019 08:20
209
20  08  11  15  19  36 
⚲
9 500 183
август, 2019
25.08.2019 08:20
208
28  36  25  21  30  05 
⚲
8 525 533
18.08.2019 08:20
207
27  10  34  04  25  11 
⚲
7 606 483
11.08.2019 08:20
206
15  09  28  35  02  26 
⚲
6 807 433
04.08.2019 08:20
205
08  02  12  22  11  28 
⚲
5 850 133
июль, 2019
28.07.2019 08:20
204
27  16  03  02  01  20 
⚲
5 012 533
21.07.2019 08:20
203
24  30  35  07  12  23 
⚲
4 123 933
14.07.2019 08:20
202
19  26  11  16  24  17 
⚲
3 088 733
07.07.2019 08:20
201
15  27  22  01  28  17 
⚲
3 000 000
июнь, 2019
30.06.2019 08:20
200
12  14  24  07  30  11 
⚲
10 533 150
23.06.2019 08:20
199
27  19  07  28  22  36 
⚲
9 589 700
16.06.2019 08:20
198
30  31  01  12  13  29 
⚲
8 724 750
09.06.2019 08:20
197
32  24  33  08  19  34 
⚲
7 926 100
02.06.2019 08:20
196
26  06  32  17  19  23 
⚲
7 187 150
май, 2019
26.05.2019 08:20
195
29  20  24  31  13  22 
⚲
6 169 750
19.05.2019 08:20
194
32  07  29  02  13  36 
⚲
5 342 200
12.05.2019 08:20
193
06  10  02  24  26  29 
⚲
4 567 100
05.05.2019 08:20
192
32  28  30  35  25  02 
⚲
3 672 400
апрель, 2019
27.04.2019 08:20
191
35  06  19  16  12  02 
⚲
3 000 000
20.04.2019 08:20
190
11  13  10  18  25  16 
⚲
3 000 000
13.04.2019 08:20
189
26  31  20  04  29  25 
⚲
3 000 000
06.04.2019 08:20
188
20  14  18  07  04  22 
⚲
3 000 000
март, 2019
30.03.2019 08:20
187
20  14  18  03  30  15 
⚲
Суперприз
разыгран	3 000 000
23.03.2019 08:20
186
13  34  26  36  10  09 
⚲
3 000 000
16.03.2019 08:20
185
25  21  16  28  01  35 
⚲
3 000 000
09.03.2019 08:20
184
24  22  30  13  03  21 
⚲
Суперприз
разыгран	12 707 370
02.03.2019 08:20
183
12  13  17  24  18  07 
⚲
11 858 970
февраль, 2019
23.02.2019 08:20
182
31  06  28  10  03  19 
⚲
10 598 370
16.02.2019 08:20
181
32  29  28  34  23  26 
⚲
9 608 270
09.02.2019 08:20
180
12  21  11  02  04  23 
⚲
8 640 320
02.02.2019 08:20
179
19  18  14  17  26  05 
⚲
7 590 870
январь, 2019
26.01.2019 08:20
178
36  07  27  33  34  03 
⚲
6 464 270
19.01.2019 08:20
177
12  31  21  19  07  26 
⚲
5 295 770
12.01.2019 08:20
176
14  04  19  22  13  11 
⚲
4 131 570
05.01.2019 08:20
175
14  19  25  18  15  16 
⚲
3 463 270
01.01.2019 11:00
174
02  05  23  22  09  04 
⚲
3 000 000
декабрь, 2018
22.12.2018 08:20
173
09  33  05  25  17  31 
⚲
3 000 000
15.12.2018 08:20
172
20  04  32  01  05  17 
⚲
3 000 000
08.12.2018 08:20
171
06  01  13  07  21  29 
⚲
Суперприз
разыгран	24 151 766
01.12.2018 08:20
170
09  25  16  31  34  02 
⚲
22 701 266
ноябрь, 2018
24.11.2018 08:20
169
26  33  29  36  05  27 
⚲
21 491 116
ноябрь, 2018
17.11.2018 08:20
168
35  10  21  05  09  14 
⚲
20 523 816
10.11.2018 08:20
167
30  36  28  02  27  35 
⚲
19 332 316
03.11.2018 08:20
166
11  33  28  23  03  25 
⚲
18 224 916
октябрь, 2018
28.10.2018 14:00
165
12  13  35  18  36  32 
⚲
16 966 866
21.10.2018 14:00
164
28  14  24  33  08  30 
⚲
15 663 716
14.10.2018 14:00
163
24  12  25  13  33  28 
⚲
14 327 616
07.10.2018 14:00
162
11  28  07  32  30  10 
⚲
20 500 616
сентябрь, 2018
30.09.2018 14:00
161
28  02  29  22  27  25 
⚲
19 157 766
23.09.2018 14:00
160
17  36  13  15  12  25 
⚲
17 810 466
16.09.2018 14:00
159
36  33  28  19  03  23 
⚲
16 464 466
09.09.2018 14:00
158
34  25  24  04  09  07 
⚲
15 219 016
02.09.2018 14:00
157
03  22  24  14  21  34 
⚲
14 020 916
август, 2018
26.08.2018 14:00
156
30  01  08  25  28  27 
⚲
12 741 816
19.08.2018 14:00
155
02  31  11  35  12  09 
⚲
11 336 066
12.08.2018 14:00
154
26  33  20  22  18  31 
⚲
10 137 966
05.08.2018 14:00
153
23  11  02  21  12  29 
⚲
9 024 366
июль, 2018
29.07.2018 14:00
152
13  10  33  12  34  18 
⚲
7 763 366
22.07.2018 14:00
151
06  05  33  22  23  36 
⚲
6 480 516
15.07.2018 14:00
150
06  28  27  11  35  01 
⚲
5 318 816
08.07.2018 14:00
149
29  17  06  16  12  18 
⚲
4 231 166
01.07.2018 14:00
148
21  13  28  26  24  36 
⚲
3 091 166
июнь, 2018
23.06.2018 19:00
147
02  07  33  08  27  17 
⚲
3 000 000
16.06.2018 19:00
146
25  14  12  07  11  09 
⚲
21 376 100
09.06.2018 19:00
145
17  29  24  14  11  08 
⚲
20 154 400
02.06.2018 19:00
144
14  10  20  01  23  35 
⚲
19 023 600
май, 2018
26.05.2018 19:00
143
12  23  25  36  22  24 
⚲
17 793 350
19.05.2018 19:00
142
35  03  22  14  18  33 
⚲
16 441 550
12.05.2018 19:00
141
24  35  02  06  16  10 
⚲
15 128 350
05.05.2018 19:00
140
16  11  09  08  34  31 
⚲
14 110 750
апрель, 2018
28.04.2018 19:00
139
16  11  09  22  27  07 
⚲
12 774 550
21.04.2018 19:00
138
25  19  28  03  32  08 
⚲
11 519 150
14.04.2018 19:00
137
06  08  20  18  17  10 
⚲
10 126 600
07.04.2018 19:00
136
14  29  15  32  30  07 
⚲
8 917 350
март, 2018
31.03.2018 19:00
135
18  23  22  29  36  34 
⚲
7 602 650
24.03.2018 19:00
134
11  24  09  34  31  21 
⚲
6 247 000
17.03.2018 19:00
133
03  28  25  06  13  15 
⚲
5 079 150
10.03.2018 19:00
132
04  23  05  12  06  18 
⚲
3 503 300
03.03.2018 19:00
131
29  26  07  35  18  03 
⚲
3 000 000
февраль, 2018
24.02.2018 19:00
130
06  21  35  29  32  11 
⚲
3 000 000
17.02.2018 19:00
129
06  13  14  21  36  09 
⚲
3 000 000
10.02.2018 19:00
128
02  01  30  20  04  09 
⚲
Суперприз
разыгран	3 000 000
03.02.2018 19:00
127
26  31  30  13  29  18 
⚲
Суперприз
разыгран	6 075 150
январь, 2018
27.01.2018 19:00
126
20  19  28  03  24  27 
⚲
4 781 000
20.01.2018 19:00
125
27  26  14  32  18  23 
⚲
3 360 750
13.01.2018 19:00
124
02  10  22  35  15  01 
⚲
3 000 000
06.01.2018 19:00
123
36  15  11  23  12  32 
⚲
3 000 000
декабрь, 2017
30.12.2017 20:30
122
07  17  20  06  21  10 
⚲
Суперприз
разыгран	7 118 850
23.12.2017 19:00
121
27  31  21  32  07  19 
⚲
6 013 950
16.12.2017 19:00
120
02  17  22  09  33  04 
⚲
4 869 850
09.12.2017 19:00
119
15  01  03  09  28  04 
⚲
3 650 900
декабрь, 2017
02.12.2017 19:00
118
04  24  15  13  11  08 
⚲
3 000 000
ноябрь, 2017
25.11.2017 19:00
117
01  09  06  03  35  04 
⚲
3 000 000
18.11.2017 19:00
116
05  34  29  02  25  06 
⚲
3 000 000
11.11.2017 19:00
115
21  07  01  05  22  04 
⚲
Суперприз
разыгран	3 000 000
04.11.2017 19:00
114
20  05  06  17  12  18 
⚲
3 000 000
октябрь, 2017
28.10.2017 19:00
113
02  23  35  19  10  31 
⚲
3 000 000
21.10.2017 19:00
112
34  33  28  08  36  03 
⚲
Суперприз
разыгран	3 449 750
15.10.2017 08:20
111
15  04  13  07  10  05 
⚲
3 000 000
08.10.2017 08:20
110
16  27  13  22  28  26 
⚲
3 000 000
01.10.2017 08:20
109
27  25  05  30  23  04 
⚲
Суперприз
разыгран	7 700 133
сентябрь, 2017
24.09.2017 08:20
108
30  08  31  16  36  05 
⚲
5 924 883
17.09.2017 08:20
107
26  36  13  12  02  18 
⚲
4 183 233
10.09.2017 08:20
106
14  20  06  23  35  30 
⚲
3 000 000
03.09.2017 08:20
105
08  07  29  27  26  19 
⚲
3 000 000
август, 2017
27.08.2017 08:20
104
34  26  08  22  31  05 
⚲
3 000 000
20.08.2017 08:20
103
13  32  09  10  11  31 
⚲
Суперприз
разыгран	3 000 000
13.08.2017 08:20
102
21  05  18  06  20  16 
⚲
Суперприз
разыгран	7 861 950
06.08.2017 08:20
101
21  28  23  22  09  18 
⚲
6 400 500
июль, 2017
30.07.2017 08:20
100
31  27  09  32  10  24 
⚲
4 604 200
23.07.2017 08:20
99
19  14  15  30  13  11 
⚲
3 000 000
16.07.2017 08:20
98
28  34  16  20  22  05 
⚲
3 000 000
09.07.2017 08:20
97
16  02  13  14  12  22 
⚲
3 000 000
02.07.2017 08:20
96
30  11  13  12  18  32 
⚲
Суперприз
разыгран	3 000 000
июнь, 2017
25.06.2017 08:20
95
15  04  12  08  05  14 
⚲
Суперприз
разыгран	11 584 134
18.06.2017 08:20
94
07  15  18  21  02  28 
⚲
9 871 134
11.06.2017 08:20
93
20  15  10  34  22  03 
⚲
7 975 334
04.06.2017 08:20
92
18  14  23  16  25  02 
⚲
6 273 134
май, 2017
28.05.2017 08:20
91
17  12  07  02  36  13 
⚲
4 464 584
21.05.2017 08:20
90
11  20  28  21  18  27 
⚲
3 000 000
14.05.2017 08:20
89
33  36  26  28  03  12 
⚲
18 490 500
07.05.2017 08:20
88
11  32  24  29  05  15 
⚲
16 187 100
апрель, 2017
30.04.2017 08:20
87
18  33  07  03  32  31 
⚲
14 412 100
23.04.2017 08:20
86
24  08  35  07  29  11 
⚲
12 674 800
16.04.2017 08:20
85
11  33  29  28  26  22 
⚲
10 655 900
09.04.2017 08:20
84
19  34  35  20  18  09 
⚲
8 797 250
02.04.2017 08:20
83
09  07  05  29  06  26 
⚲
6 863 650
март, 2017
26.03.2017 08:20
82
28  05  12  01  25  33 
⚲
4 954 900
19.03.2017 08:20
81
36  27  20  14  18  11 
⚲
3 081 750
12.03.2017 08:20
80
26  02  16  08  29  20 
⚲
3 000 000
05.03.2017 08:20
79
08  14  29  34  19  05 
⚲
Суперприз
разыгран	24 054 779
февраль, 2017
26.02.2017 08:20
78
04  02  22  32  01  34 
⚲
21 000 479
19.02.2017 08:20
77
36  25  08  22  16  09 
⚲
18 877 479
12.02.2017 08:20
76
33  05  10  12  29  26 
⚲
17 358 479
05.02.2017 08:20
75
22  23  03  05  11  04 
⚲
15 463 879
январь, 2017
29.01.2017 08:20
74
25  17  05  11  13  29 
⚲
13 395 629
22.01.2017 08:20
73
03  19  13  26  20  15 
⚲
11 074 979
15.01.2017 08:20
72
06  24  12  31  05  20 
⚲
8 498 329
08.01.2017 08:20
71
35  15  25  20  24  03 
⚲
6 438 729
01.01.2017 12:00
70
17  23  18  09  16  21 
⚲
14 399 394
декабрь, 2016
25.12.2016 08:20
69
27  31  30  25  05  01 
⚲
12 992 794
декабрь, 2016
18.12.2016 08:20
68
13  36  06  18  34  31 
⚲
11 798 944
11.12.2016 08:20
67
04  25  30  24  32  28 
⚲
10 583 594
04.12.2016 08:20
66
12  19  13  03  20  02 
⚲
9 496 544
ноябрь, 2016
27.11.2016 08:20
65
04  36  11  19  13  23 
⚲
8 364 094
20.11.2016 08:20
64
02  31  08  35  20  17 
⚲
7 249 594
13.11.2016 08:20
63
05  01  33  10  22  29 
⚲
6 109 844
06.11.2016 08:20
62
35  19  17  31  23  34 
⚲
4 967 394
октябрь, 2016
29.10.2016 08:20
61
29  31  25  04  11  17 
⚲
4 009 694
22.10.2016 08:20
60
17  27  34  07  13  25 
⚲
3 137 844
15.10.2016 08:20
59
35  30  32  36  07  27 
⚲
3 000 000
08.10.2016 08:20
58
14  33  23  31  20  26 
⚲
3 000 000
01.10.2016 08:20
57
23  26  09  01  14  20 
⚲
6 043 850
сентябрь, 2016
24.09.2016 08:20
56
03  31  36  14  06  17 
⚲
4 938 750
17.09.2016 08:20
55
35  28  22  03  31  04 
⚲
3 956 300
10.09.2016 08:20
54
09  16  05  35  07  26 
⚲
3 007 200
03.09.2016 08:20
53
27  02  04  26  23  16 
⚲
3 000 000
август, 2016
27.08.2016 08:20
52
05  10  20  13  01  06 
⚲
3 000 000
20.08.2016 08:20
51
21  13  28  33  04  06 
⚲
3 000 000
13.08.2016 08:20
50
33  29  19  02  20  14 
⚲
Суперприз
разыгран	6 926 450
06.08.2016 08:15
49
09  25  01  34  22  04 
⚲
5 848 600
июль, 2016
30.07.2016 08:15
48
13  06  35  22  26  29 
⚲
4 856 850
23.07.2016 08:15
47
10  16  11  31  17  27 
⚲
3 798 100
16.07.2016 08:15
46
16  26  36  21  15  19 
⚲
3 000 000
09.07.2016 08:15
45
26  18  27  22  05  35 
⚲
3 000 000
02.07.2016 08:15
44
04  09  03  29  32  28 
⚲
3 000 000
июнь, 2016
25.06.2016 08:15
43
27  04  09  07  01  03 
⚲
6 410 100
18.06.2016 08:15
42
20  05  12  24  14  35 
⚲
5 081 900
11.06.2016 08:15
41
28  07  15  34  04  27 
⚲
3 533 550
04.06.2016 08:15
40
12  03  22  06  26  14 
⚲
3 000 000
май, 2016
28.05.2016 08:15
39
23  14  34  06  36  19 
⚲
3 000 000
21.05.2016 08:15
38
18  12  17  06  33  02 
⚲
3 000 000
14.05.2016 08:15
37
21  28  09  14  13  18 
⚲
Суперприз
разыгран	4 373 225
07.05.2016 08:15
36
12  23  27  21  08  05 
⚲
3 000 000
апрель, 2016
30.04.2016 08:15
35
30  29  17  06  12  13 
⚲
3 000 000
23.04.2016 08:15
34
08  06  05  01  34  02 
⚲
3 000 000
16.04.2016 08:15
33
26  36  31  20  15  05 
⚲
Суперприз
разыгран	3 000 000
09.04.2016 08:15
32
30  01  08  31  24  28 
⚲
3 000 000
02.04.2016 08:15
31
05  26  32  19  16  23 
⚲
Суперприз
разыгран	3 000 000
март, 2016
26.03.2016 08:15
30
03  25  21  27  36  22 
⚲
Суперприз
разыгран	6 569 875
19.03.2016 08:15
29
02  13  25  05  10  28 
⚲
5 120 175
12.03.2016 08:15
28
28  07  03  25  12  18 
⚲
3 531 575
05.03.2016 08:15
27
29  36  22  28  35  11 
⚲
3 000 000
февраль, 2016
27.02.2016 08:15
26
02  10  17  31  15  36 
⚲
3 000 000
20.02.2016 08:15
25
30  26  36  15  11  03 
⚲
3 000 000
13.02.2016 08:15
24
05  32  18  23  24  36 
⚲
Суперприз
разыгран	11 471 225
06.02.2016 08:15
23
09  13  10  19  11  27 
⚲
10 589 950
январь, 2016
30.01.2016 08:15
22
29  23  06  28  17  15 
⚲
9 883 850
23.01.2016 08:15
21
18  04  08  32  01  13 
⚲
9 082 525
16.01.2016 08:15
20
33  15  09  07  19  31 
⚲
8 304 450
09.01.2016 08:15
19
23  31  24  34  01  35 
⚲
7 664 000
январь, 2016
02.01.2016 08:15
18
29  33  24  21  02  08 
⚲
6 678 425
декабрь, 2015
26.12.2015 08:15
17
17  18  32  08  36  02 
⚲
5 829 325
19.12.2015 08:15
16
32  10  33  06  24  05 
⚲
5 047 250
12.12.2015 08:15
15
15  22  13  36  24  28 
⚲
4 393 350
05.12.2015 08:15
14
01  20  33  04  06  21 
⚲
3 753 900
ноябрь, 2015
28.11.2015 08:15
13
11  06  34  01  15  25 
⚲
3 116 525
21.11.2015 08:15
12
12  22  05  07  16  33 
⚲
2 433 575
14.11.2015 08:15
11
08  11  31  30  27  33 
⚲
1 818 375
07.11.2015 08:15
10
15  30  09  06  21  08 
⚲
1 211 675
октябрь, 2015
31.10.2015 08:15
9
16  17  32  30  12  18 
⚲
606 675
24.10.2015 08:15
8
11  22  25  08  24  09 
⚲
393 325
17.10.2015 08:15
7
36  07  34  09  05  35 
⚲
Суперприз
разыгран	3 748 225
10.10.2015 08:15
6
23  10  22  01  15  11 
⚲
3 179 400
03.10.2015 08:15
5
28  35  07  19  31  29 
⚲
2 619 575
сентябрь, 2015
26.09.2015 08:15
4
21  06  31  36  13  22 
⚲
2 020 350
19.09.2015 08:15
3
13  24  09  28  05  16 
⚲
1 373 275
12.09.2015 08:15
2
28  18  23  22  06  31 
⚲
1 000 000
05.09.2015 08:15
1
09  02  14  28  33  35 
⚲
281 725
